   3.00  162.26  151.86  149.39  141.64  139.89  127.98  122.98  120.18  116.76  116.00  115.66  109.03  106.38  103.98  102.65  102.37  101.46   99.14   97.85   94.77   89.20   88.29
   3.00  158.33  151.71  150.08  145.14  144.19  141.34  140.72  140.28  139.77  139.64  139.46  138.73  138.38  138.09  137.81  137.72  137.82  137.44  137.13  136.77  136.15  135.99
   3.00  146.89  144.93  144.53  142.84  142.27  134.84  131.26  129.23  126.79  126.26  126.08  121.40  119.45  117.64  116.73  116.50  115.98  114.22  113.35  111.31  107.45  106.80
   1.00  151.55  149.52  149.16  147.67  147.53  145.45  144.55  144.31  143.82  143.65  143.58  142.85  142.50  142.39  142.11  141.99  142.19  141.76  141.47  141.08  140.63  140.23
   3.00  170.68  160.42  157.70  149.72  147.99  136.08  130.78  128.08  124.54  123.63  123.66  117.15  114.09  111.57  110.75  109.83  109.29  106.90  105.46  102.66   96.10   95.44
   3.00  197.95  190.05  187.91  181.85  180.63  170.74  166.79  164.63  161.97  161.41  161.34  156.63  154.40  152.49  151.79  151.27  150.88  149.10  148.14  146.23  142.03  141.45
   3.00  188.07  183.87  182.88  179.69  178.92  174.97  173.04  171.89  170.60  170.32  170.27  167.93  166.94  166.09  165.57  165.48  165.22  164.35  163.93  162.88  161.08  160.81
   3.00  191.53  187.31  186.19  183.47  182.94  178.65  177.03  175.89  174.77  174.61  174.45  172.61  171.78  171.19  170.60  170.62  170.43  169.68  169.06  168.23  166.86  166.63
   3.00  211.84  206.49  205.18  201.36  200.49  195.04  192.58  191.36  189.82  189.42  189.51  186.59  185.35  184.34  183.82  183.78  183.36  182.34  181.82  180.61  178.32  178.16
   3.00  219.18  213.52  212.34  208.80  208.05  203.21  201.25  200.13  198.91  198.67  198.73  196.51  195.66  195.10  194.61  194.56  194.28  193.59  193.10  192.25  190.71  190.54
   2.00  217.74  215.84  215.41  214.20  213.87  211.93  211.09  210.70  210.23  210.04  209.87  209.07  208.70  208.32  208.10  207.97  207.94  207.60  205.43  206.94  206.21  205.98
   2.00  218.94  216.69  216.29  214.85  214.50  212.29  211.45  211.00  210.33  210.28  210.17  209.03  208.68  208.24  207.94  207.93  207.85  207.46  207.22  206.73  205.91  205.79
   3.00  220.23  217.62  217.02  215.19  214.73  212.12  210.96  210.45  209.61  209.48  209.43  207.87  207.26  206.71  206.39  206.36  206.10  205.61  205.32  204.57  203.34  203.16
   3.00  228.90  224.27  223.13  220.10  219.46  215.04  213.20  211.98  211.01  210.61  210.65  208.80  207.89  207.33  206.75  206.80  206.48  205.84  207.42  204.50  203.14  202.92
   3.00  236.21  230.76  229.58  226.03  225.29  220.49  218.56  217.51  216.42  216.11  216.03  214.07  213.27  212.64  212.20  212.10  211.97  211.23  210.83  210.06  208.75  208.51
   3.00  239.04  235.25  234.40  231.82  231.24  227.58  226.22  225.42  224.46  224.32  224.21  222.64  221.99  221.47  221.05  221.07  220.95  220.36  219.95  219.38  218.26  218.13
   1.00  248.30  245.68  245.27  243.57  243.12  240.47  239.42  238.87  238.02  237.91  237.78  236.27  235.83  235.27  234.88  234.80  234.75  234.23  233.89  233.22  232.07  231.87
   3.00  271.14  268.15  267.52  265.55  265.08  262.15  261.03  260.37  259.55  259.41  259.28  257.84  257.32  256.80  256.42  256.40  256.28  255.77  255.50  254.90  253.80  253.62
   3.00  276.45  273.77  273.31  271.67  271.18  268.83  268.00  267.48  266.84  266.74  266.67  265.64  265.24  264.94  264.62  264.60  264.60  264.17  263.75  263.32  262.52  262.42
   3.00  288.70  283.88  282.99  279.88  279.20  274.61  272.77  271.83  270.54  270.38  270.13  267.99  267.23  266.56  266.12  265.84  265.53  265.02  264.67  263.59  261.92  261.61
   3.00  292.63  288.41  287.45  284.57  283.94  279.89  278.09  277.29  276.16  275.81  275.81  273.78  272.98  272.18  271.77  271.62  271.48  270.66  270.30  269.35  267.79  267.60
   3.00  302.62  299.73  299.10  296.94  296.52  293.09  291.55  290.64  289.61  289.41  289.31  287.45  286.64  285.92  285.50  285.38  285.22  284.50  284.04  283.17  281.48  281.38
   3.00  304.20  300.96  300.39  298.06  297.56  294.14  292.66  291.78  290.74  290.61  290.44  288.75  288.00  287.31  286.87  286.78  286.57  285.92  285.52  284.71  283.21  283.01
   2.00  320.34  315.71  314.69  311.55  310.94  306.01  303.97  302.71  301.42  301.03  300.91  298.41  297.40  296.51  295.97  295.70  295.51  294.52  294.00  292.80  290.80  290.49
   1.00  329.51  325.30  324.16  321.17  320.88  316.41  314.29  313.02  312.15  311.62  311.50  309.49  308.47  307.64  307.36  307.07  306.74  306.09  305.53  304.56  302.82  302.85
   2.00  330.77  325.85  324.79  321.57  320.90  315.91  313.98  312.87  311.55  311.09  310.68  308.63  307.60  306.48  306.24  305.57  305.51  304.55  303.95  302.83  300.81  300.24
   1.00  333.71  327.53  325.98  321.62  320.95  314.64  311.82  309.81  308.55  307.94  308.06  305.48  303.99  303.04  302.54  302.38  301.86  300.85  300.29  298.94  296.83  296.41
   1.00  338.25  332.57  331.33  327.57  326.69  320.77  318.48  316.97  315.39  315.06  314.90  312.05  310.84  309.92  309.13  309.01  308.78  307.67  307.10  305.81  303.52  303.07
   3.00  334.80  331.06  330.28  328.10  327.52  324.12  322.79  321.90  321.06  320.71  320.67  319.19  318.54  317.96  317.56  317.43  317.32  316.65  316.37  315.53  314.43  314.16
   3.00  346.82  341.96  340.86  337.77  336.99  331.98  330.30  329.18  327.87  327.62  327.48  325.17  324.27  323.48  322.90  322.77  322.62  321.57  321.33  320.34  318.67  318.34
   3.00  349.10  346.81  346.39  344.46  343.94  340.09  338.10  336.74  335.51  335.11  335.03  332.63  331.43  330.52  329.94  329.81  329.48  328.49  327.94  326.70  324.65  324.25
   3.00  354.32  350.29  349.36  346.57  345.98  341.61  339.85  338.78  337.68  337.42  337.28  335.31  334.46  333.72  333.29  333.07  332.94  332.20  331.75  330.86  329.39  329.17
   3.00  359.32  354.50  353.48  350.59  349.96  346.51  345.57  344.93  344.36  344.19  344.02  343.12  342.74  342.43  342.16  342.01  342.03  341.68  341.39  341.02  340.33  340.26
   3.00  356.68  353.33  352.71  350.77  350.24  347.51  346.59  346.00  345.32  345.24  345.12  343.96  343.57  343.21  342.87  342.80  342.74  342.36  341.99  341.58  340.80  340.79
   2.00  364.25  358.24  356.97  352.98  352.15  346.25  343.89  342.44  341.01  340.58  340.43  337.95  336.78  335.83  335.25  335.04  334.80  333.87  333.35  332.16  330.23  329.82
   3.00  362.33  357.02  355.98  352.98  352.30  348.22  346.80  345.84  344.92  344.70  344.54  343.01  342.39  341.75  341.42  341.27  341.15  340.62  340.23  339.56  338.41  338.23
   2.00  365.41  361.24  360.31  357.64  356.99  352.80  351.19  350.18  349.12  348.77  348.52  346.80  345.89  345.10  344.73  344.44  344.39  343.62  343.07  342.18  340.58  340.23
   3.00  369.15  364.44  363.60  360.69  359.97  355.28  353.58  352.40  351.15  351.00  350.81  348.59  347.80  347.00  346.26  346.38  346.19  345.34  344.90  343.92  342.17  341.95
   1.00  383.62  377.32  374.79  371.11  370.58  363.90  361.52  358.89  357.55  357.20  357.24  354.69  352.93  352.70  351.51  351.97  351.84  350.69  348.65  347.73  345.14  344.84
   1.00  391.20  386.84  386.23  383.39  382.60  378.41  376.88  375.99  374.86  374.67  374.46  372.65  371.92  371.05  370.53  370.53  370.25  369.57  369.09  368.20  366.71  366.51
   2.00  391.67  387.54  386.73  384.04  383.42  379.29  377.73  376.73  375.64  375.42  375.21  373.42  372.60  371.90  371.41  371.27  371.09  370.36  369.87  369.02  367.51  367.29
   2.00  396.14  390.99  389.94  386.53  385.88  381.04  379.10  377.75  376.69  376.30  376.23  374.24  373.25  372.59  372.05  371.90  371.74  370.93  370.36  369.37  367.83  367.59
   3.00  394.53  390.60  389.84  387.34  386.80  383.04  381.59  380.71  379.70  379.49  379.40  377.58  376.94  376.26  375.81  375.71  375.57  374.90  374.52  373.69  372.36  372.16
   3.00  396.05  391.96  391.19  388.73  388.13  384.52  383.24  382.48  381.56  381.37  381.18  379.66  379.08  378.53  378.09  377.94  377.93  377.30  376.89  376.23  375.08  374.95
   3.00  405.17  399.39  398.28  394.60  393.77  388.20  386.14  384.92  383.55  383.22  382.89  380.50  379.50  378.46  377.89  377.65  377.53  376.54  376.03  374.92  372.99  372.61
   1.00  404.72  401.87  401.30  399.27  398.94  396.10  394.94  394.25  393.59  393.40  393.30  392.30  391.62  391.32  391.01  390.84  390.78  390.30  389.84  389.29  388.37  388.20
   3.00  423.43  417.98  416.88  413.42  412.76  407.66  405.60  404.27  403.01  402.64  402.54  400.16  399.23  398.27  397.82  397.56  397.37  396.46  396.05  394.93  393.18  392.97
   3.00  435.84  432.52  431.68  429.38  429.04  425.51  423.94  422.91  422.08  421.69  421.69  419.90  419.08  418.44  418.12  417.82  417.73  417.03  416.56  415.64  414.26  414.04
   2.00  447.16  443.71  442.96  440.70  440.36  437.02  435.61  434.74  433.92  433.62  433.57  431.99  431.32  430.72  430.42  430.21  430.10  429.52  429.19  428.36  427.22  427.07
   1.00  466.71  462.39  461.64  458.74  458.14  453.90  452.17  451.08  449.98  449.74  449.56  447.70  446.84  446.05  445.56  445.47  445.25  444.53  444.06  443.14  441.64  441.41
   3.00  471.54  466.11  465.11  461.68  460.77  455.62  453.60  452.42  451.07  450.62  450.39  447.93  447.00  445.93  445.42  445.11  445.06  444.04  443.51  442.36  440.35  440.06
   3.00  476.59  471.87  470.80  467.65  467.14  462.38  460.46  459.20  458.11  457.66  457.56  455.37  454.37  453.52  453.13  452.78  452.67  451.79  451.25  450.18  448.47  448.24
   1.00  485.91  480.38  479.85  476.36  475.23  470.14  468.46  467.66  466.01  466.19  465.73  463.65  462.85  462.08  460.94  461.34  461.04  460.23  459.70  458.76  457.01  456.70
   3.00  492.04  487.89  487.06  484.29  483.81  479.78  478.24  477.09  476.21  476.08  475.96  474.25  473.50  473.01  472.50  472.35  472.25  471.61  471.30  470.44  469.27  469.00
   3.00  496.74  492.28  491.33  488.51  487.87  483.69  482.09  481.07  480.01  479.73  479.54  477.73  476.95  476.17  475.75  475.61  475.46  474.75  474.27  473.43  471.94  471.79
   3.00  511.74  506.34  505.32  501.85  501.07  495.95  493.94  492.67  491.36  491.00  490.73  488.53  487.60  486.54  486.06  485.83  485.62  484.71  484.23  483.14  481.37  481.09
   3.00  518.75  514.91  514.29  511.94  511.38  507.92  506.64  505.86  504.90  504.77  504.57  503.01  502.49  501.84  501.50  501.29  501.18  500.58  500.39  499.63  498.56  498.32
   3.00  522.10  516.79  515.74  512.29  511.58  506.44  504.39  503.20  501.91  501.47  501.22  498.94  497.89  496.89  496.35  496.11  495.99  495.04  494.48  493.34  491.33  491.03
   2.00  528.14  521.44  519.81  515.62  514.95  508.40  505.75  504.12  502.60  502.22  501.99  498.75  497.71  496.63  495.93  495.63  495.50  494.33  493.94  492.50  490.29  489.97
   3.00  525.15  521.95  521.41  519.54  519.05  516.23  515.27  514.60  513.91  513.75  513.64  512.40  511.97  511.52  511.15  511.10  511.05  510.55  510.38  509.83  508.87  508.72
   1.00  538.51  533.25  531.91  528.55  528.19  523.27  521.12  519.84  518.81  518.26  518.31  516.03  515.08  514.13  514.00  513.61  513.36  512.44  512.15  511.02  509.53  509.41
   2.00  541.14  536.15  535.08  532.11  531.41  526.75  524.95  523.60  522.61  522.17  522.11  520.21  519.26  518.56  518.09  518.00  517.79  517.07  516.43  515.55  514.03  513.83
   3.00  556.79  550.83  549.53  545.59  544.84  539.00  536.63  535.23  533.80  533.44  533.20  530.37  529.32  528.27  527.65  527.41  527.27  526.22  525.73  524.45  522.38  522.12
   3.00  561.58  554.43  553.00  548.37  547.52  540.70  538.04  536.39  534.75  534.28  534.02  531.02  529.76  528.61  527.92  527.61  527.45  526.27  525.77  524.33  522.01  521.62
   2.00  578.20  572.12  570.78  567.04  566.27  560.59  558.53  557.19  555.88  555.41  555.13  553.07  551.90  550.90  550.43  550.12  550.03  549.11  548.50  547.34  545.60  545.11
   1.00  581.94  576.41  575.15  571.72  570.77  565.81  564.03  562.92  561.63  561.23  561.00  558.52  557.73  556.65  555.93  555.95  555.94  554.96  554.31  553.45  551.43  551.18
   1.00  593.18  590.70  590.32  588.79  588.47  586.18  585.37  584.80  584.29  584.23  584.05  583.13  582.71  582.52  582.20  582.04  582.08  581.77  581.39  581.00  580.28  580.10
   3.00  600.26  595.13  594.18  590.83  590.09  585.20  583.41  582.27  581.00  580.67  580.30  578.30  577.33  576.34  575.96  575.58  575.55  574.65  574.18  573.13  571.41  570.99
   3.00  610.90  603.86  602.40  597.78  597.01  590.18  587.46  585.75  584.16  583.60  583.40  580.34  579.00  577.80  577.16  576.79  576.61  575.40  574.86  573.35  571.04  570.62
   3.00  625.14  619.95  618.99  615.96  615.05  610.17  608.54  607.37  606.14  605.91  605.67  603.44  602.64  601.97  601.20  601.13  601.20  600.25  599.81  598.78  597.20  596.71
   2.00  646.51  643.43  642.86  640.95  640.58  637.66  636.61  635.91  635.28  635.01  634.95  633.76  633.23  632.79  632.52  632.29  632.30  631.82  631.56  630.95  630.04  629.73
   3.00  668.58  660.84  659.49  654.74  653.54  646.32  643.73  642.16  640.36  639.77  639.27  636.24  634.96  633.73  632.97  632.35  632.50  631.17  630.51  628.91  626.55  625.69
   3.00  668.91  664.39  663.61  661.07  660.42  656.39  655.00  654.06  653.15  652.76  652.63  650.99  650.26  649.79  649.35  648.91  649.09  648.38  647.91  647.03  645.98  645.38
   3.00  677.21  671.54  670.35  666.66  665.96  660.59  658.56  657.18  655.92  655.66  655.43  652.97  651.99  651.03  650.52  650.26  650.20  649.33  648.70  647.63  645.88  645.63
   2.00  678.73  674.19  673.26  670.45  669.97  665.45  663.80  662.65  661.60  661.49  661.37  659.17  658.44  657.80  657.32  657.15  656.97  656.33  655.85  655.04  653.54  653.36
   3.00  693.84  688.39  687.34  683.87  683.14  677.92  676.02  674.79  673.55  673.26  672.99  670.72  669.75  668.89  668.31  668.11  668.07  667.17  666.69  665.68  663.83  663.52
   1.00  744.68  736.58  735.31  731.49  728.83  722.89  720.55  719.59  717.82  716.69  716.82  714.48  713.28  712.24  711.59  711.29  711.27  709.74  709.62  708.08  706.09  704.85
   3.00  885.83  876.30  874.28  868.17  866.78  857.58  853.93  851.68  849.20  848.72  848.32  844.13  842.34  840.66  839.64  839.33  838.96  837.30  836.41  834.43  830.99  830.44
   2.00  892.33  885.14  883.86  879.26  878.18  871.22  868.62  866.86  865.14  864.77  864.46  861.35  860.03  858.80  858.03  857.79  857.49  856.33  855.65  854.21  851.75  851.33
   3.00  903.11  893.38  891.32  885.14  883.70  874.30  870.55  868.22  865.67  865.21  864.87  860.51  858.70  857.02  855.97  855.66  855.24  853.55  852.66  850.67  847.20  846.61
   3.00  902.98  893.84  891.95  886.21  884.81  876.14  872.74  870.62  868.24  867.84  867.49  863.43  861.84  860.26  859.28  859.05  858.66  857.10  856.34  854.54  851.29  850.78
   3.00  903.18  894.77  892.70  887.39  886.14  878.05  874.61  872.52  870.46  869.83  869.69  866.00  864.40  862.98  862.07  861.98  861.44  859.95  859.44  857.63  854.63  854.08
   3.00  915.12  907.67  906.14  901.48  900.36  893.28  890.44  888.67  886.82  886.42  886.24  882.91  881.65  880.37  879.49  879.43  879.10  877.76  877.30  875.73  873.23  872.80
   3.00  934.93  925.51  923.51  917.55  916.13  907.16  903.52  901.27  898.85  898.37  898.08  893.95  892.18  890.55  889.60  889.39  888.94  887.28  886.48  884.60  881.22  880.71
   3.00  935.34  925.97  924.02  918.01  916.71  907.66  904.03  901.82  899.44  898.92  898.62  894.48  892.72  891.20  890.23  889.84  889.47  887.89  886.97  885.02  881.81  881.16
   1.00  938.42  930.28  928.65  923.22  922.00  913.86  910.75  908.57  906.56  906.24  905.86  902.22  900.55  899.05  898.03  898.15  897.60  896.15  895.43  893.90  890.64  890.47
   2.00  941.76  934.53  932.51  927.87  926.72  919.64  916.41  914.44  912.42  912.17  912.15  908.64  907.28  905.94  904.98  905.41  904.44  903.23  902.99  901.46  898.48  898.32
   3.00  948.09  939.42  937.68  932.20  930.90  922.52  919.26  917.12  914.89  914.53  914.25  910.31  908.82  907.33  906.39  906.12  905.71  904.27  903.58  901.85  898.76  898.23
   1.00  958.29  948.25  948.05  943.05  941.25  933.05  931.22  930.79  928.06  928.04  926.76  924.09  922.92  922.13  922.07  918.41  920.40  919.37  916.76  915.13  913.80  911.61
   2.00  970.02  961.00  959.05  953.38  952.05  943.51  940.05  938.15  935.81  935.36  935.05  931.00  929.44  927.94  927.02  926.72  926.44  924.88  924.03  922.24  919.17  918.54
   2.00  974.80  965.42  963.44  957.42  956.21  947.18  943.44  941.25  938.96  938.38  938.12  934.04  932.18  930.78  929.89  929.39  929.08  927.52  926.53  924.56  921.50  920.72
   3.00  990.88  981.81  979.90  973.93  972.67  963.73  960.16  957.78  955.51  955.06  954.75  950.78  948.94  947.39  946.36  946.25  945.72  944.14  943.33  941.49  938.16  937.72
   3.00 1007.27  997.99  995.90  990.00  988.72  979.81  976.04  973.86  971.54  971.00  970.80  966.61  964.80  963.36  962.43  962.16  961.70  960.12  959.26  957.35  954.17  953.54
   3.00 1007.32  998.62  996.77  991.23  989.88  981.54  978.17  975.99  973.84  973.33  973.11  969.23  967.57  966.16  965.19  965.06  964.56  963.11  962.38  960.68  957.47  957.02
   1.00 1063.91 1055.06 1052.95 1047.36 1046.12 1037.64 1034.09 1032.02 1029.86 1029.23 1029.03 1025.22 1023.40 1022.00 1021.16 1020.93 1020.54 1018.97 1018.23 1016.42 1013.27 1012.65
   1.00 1084.60 1075.83 1074.54 1068.20 1067.19 1057.92 1054.76 1052.49 1050.15 1050.21 1049.53 1045.88 1043.83 1042.58 1041.22 1041.27 1040.87 1039.51 1038.22 1036.49 1033.29 1032.76
   3.00 1103.88 1095.35 1093.82 1088.00 1086.95 1078.36 1075.17 1072.86 1070.86 1070.41 1069.93 1066.64 1064.71 1063.33 1062.44 1062.07 1061.79 1060.35 1059.37 1057.74 1054.49 1054.03
